 301422 80
 195531 53
 100229 443
   4293 123
   2169 22
   1480 137
   1136 389
   1112 21
    932 88
    691 465
    578 139
    476 3268
    330 0
    326 138
    259 445
    148 5353
    141 135
    127 49666
     59 49671
     51 5355
     27 8080
     26 58122
     18 444
     14 7973
     14 53236
     14 51994
     13 8612
     13 53498
     13 52164
     13 42
     13 36522
     12 54436
     12 53952
     12 53396
     12 53300
     12 53298
     12 53020
     12 52912
     12 52768
     12 52538
     12 50240
     12 49856
     12 34242
     12 3289
     12 1124
     11 57838
     11 57628
     11 56144
     11 56000
     11 55896
     11 54772
     11 54768
     11 54614
     11 54116
     11 53742
     11 53698
     11 53680
     11 53656
     11 53650
     11 53632
     11 53516
     11 53510
     11 53474
     11 53460
     11 53450
     11 53240
     11 53226
     11 53144
     11 53080
     11 52980
     11 52794
     11 52584
     11 51710
     11 51670
     11 51512
     11 51420
     11 51402
     11 51306
     11 51296
     11 51280
     11 51268
     11 51198
     11 50988
     11 50632
     11 50626
     11 50492
     11 50368
     11 49916
     11 49696
     11 49658
     11 49648
     11 49644
     11 49594
     11 33284
     10 60700
     10 58986
     10 58472
     10 56156
     10 55420
     10 55274
     10 54262
     10 53994
     10 53884
     10 53874
     10 53744
     10 53682
     10 53666
     10 53662
     10 53596
     10 53518
     10 53514
     10 53306
     10 53252
     10 53242
     10 53212
     10 53162
     10 53108
     10 53100
     10 53076
     10 53068
     10 53044
     10 52996
     10 52976
     10 52922
     10 52908
     10 52874
     10 52698
     10 52652
     10 52606
     10 52586
     10 52400
     10 52388
     10 52286
     10 52284
     10 52274
     10 52102
     10 52048
     10 52032
     10 52024
     10 51986
     10 51728
     10 51676
     10 51634
     10 51597
     10 51564
     10 51540
     10 51534
     10 51454
     10 51418
     10 51412
     10 51410
     10 51404
     10 51282
     10 51258
     10 51212
     10 51062
     10 50962
     10 50946
     10 50940
     10 50710
     10 50708
     10 50696
     10 50488
     10 50381
     10 50352
     10 50234
     10 50004
     10 50000
     10 49980
     10 49662
     10 49634
     10 49588
     10 49584
     10 49542
     10 49510
     10 48856
     10 48502
     10 43786
      9 60100
      9 59532
      9 58198
      9 58124
      9 58116
      9 57906
      9 57616
      9 57546
      9 57446
      9 57432
      9 57404
      9 57292
      9 57192
      9 56860
      9 56820
      9 56728
      9 56664
      9 56662
      9 56658
      9 56540
      9 56372
      9 56172
      9 56096
      9 56094
      9 56056
      9 55864
      9 55784
      9 55676
      9 55306
      9 55300
      9 55286
      9 55222
      9 55016
      9 54970
      9 54820
      9 54774
      9 54378
      9 54372
      9 54286
      9 53936
      9 53910
      9 53800
      9 53760
      9 53746
      9 53739
      9 53726
      9 53716
      9 53690
      9 53654
      9 53649
      9 53620
      9 53608
      9 53574
      9 53534
      9 53530
      9 53522
      9 53515
      9 53508
      9 53496
      9 53492
      9 53424
      9 53408
      9 53400
      9 53392
      9 53359
      9 53358
      9 53350
      9 53348
      9 53338
      9 53313
      9 53312
      9 53224
      9 53214
      9 53196
      9 53192
      9 53188
      9 53149
      9 53126
      9 53097
      9 53026
      9 53016
      9 52998
      9 52992
      9 52973
      9 52924
      9 52914
      9 52910
      9 52906
      9 52904
      9 52896
      9 52894
      9 52893
      9 52892
      9 52888
      9 52882
      9 52846
      9 52844
      9 52824
      9 52740
      9 52710
      9 52582
      9 52572
      9 52552
      9 52512
      9 52490
      9 52486
      9 52426
      9 52422
      9 52420
      9 52398
      9 52386
      9 52302
      9 52300
      9 52294
      9 52272
      9 52270
      9 52258
      9 52228
      9 52218
      9 52172
      9 52113
      9 52080
      9 52040
      9 52020
      9 52002
      9 51924
      9 51908
      9 51888
      9 51878
      9 51750
      9 51720
      9 51589
      9 51542
      9 51468
      9 51458
      9 51391
      9 51386
      9 51362
      9 51332
      9 51312
      9 51294
      9 51284
      9 51266
      9 51168
      9 51096
      9 51050
      9 50992
      9 50970
      9 50964
      9 50958
      9 50956
      9 50954
      9 50943
      9 50942
      9 50912
      9 50882
      9 50870
      9 50764
      9 50760
      9 50496
      9 50466
      9 50414
      9 50366
      9 50342
      9 50334
      9 50302
      9 50276
      9 50248
      9 50242
      9 50178
      9 50106
      9 50084
      9 50076
      9 50012
      9 49936
      9 49874
      9 49834
      9 49830
      9 49812
      9 49754
      9 49750
      9 49748
      9 49740
      9 49728
      9 49721
      9 49704
      9 49678
      9 49672
      9 49656
      9 49650
      9 49622
      9 49618
      9 49598
      9 49592
      9 49578
      9 49576
      9 49574
      9 49530
      9 49514
      9 49494
      9 49465
      9 49456
      9 49302
      9 49298
      9 49286
      9 49266
      9 49258
      9 49220
      9 47930
      9 47848
      9 45040
      9 43006
      9 39268
      9 37152
      9 36702
      9 36664
      9 3478
      8 8610
      8 60806
      8 60638
      8 60440
      8 60208
      8 59990
      8 59902
      8 59422
      8 59414
      8 59400
      8 59384
      8 59160
      8 58968
      8 58944
      8 58888
      8 58526
      8 58522
      8 58470
      8 58452
      8 58332
      8 58304
      8 58210
      8 58092
      8 57974
      8 57934
      8 57922
      8 57910
      8 57726
      8 57710
      8 57690
      8 57648
      8 57564
      8 57518
      8 57474
      8 57434
      8 57332
      8 57290
      8 57197
      8 57148
      8 57122
      8 57120
      8 57078
      8 56974
      8 56956
      8 56954
      8 56886
      8 56854
      8 56794
      8 56746
      8 56698
      8 56572
      8 56536
      8 56452
      8 56374
      8 56370
      8 56358
      8 56252
      8 56250
      8 56146
      8 56100
      8 56060
      8 56058
      8 56054
      8 56008
      8 55902
      8 55866
      8 55807
      8 55762
      8 55750
      8 55748
      8 55718
      8 55690
      8 55682
      8 55570
      8 55568
      8 55496
      8 55470
      8 55442
      8 55438
      8 55386
      8 55282
      8 55260
      8 55224
      8 55172
      8 55158
      8 55018
      8 54994
      8 54966
      8 54872
      8 54870
      8 54770
      8 54766
      8 54760
      8 54732
      8 54716
      8 54608
      8 54596
      8 54560
      8 54468
      8 54430
      8 54428
      8 54418
      8 54362
      8 54314
      8 54306
      8 54288
      8 54244
      8 54212
      8 54196
      8 54182
      8 54140
      8 54136
      8 54056
      8 54054
      8 53988
      8 53966
      8 53964
      8 53958
      8 53944
      8 53942
      8 53938
      8 53932
      8 53931
      8 53918
      8 53916
      8 53905
      8 53896
      8 53882
      8 53880
      8 53864
      8 53788
      8 53782
      8 53766
      8 53764
      8 53758
      8 53754
      8 53720
      8 53702
      8 53700
      8 53688
      8 53686
      8 53684
      8 53618
      8 53612
      8 53590
      8 53572
      8 53566
      8 53564
      8 53558
      8 53548
      8 53532
      8 53524
      8 53523
      8 53517
      8 53504
      8 53502
      8 53484
      8 53480
      8 53471
      8 53438
      8 53436
      8 53430
      8 53428
      8 53410
      8 53394
      8 53388
      8 53368
      8 53356
      8 53349
      8 53342
      8 53339
      8 53333
      8 53318
      8 53314
      8 53302
      8 53296
      8 53288
      8 53272
      8 53266
      8 53253
      8 53251
      8 53248
      8 53243
      8 53228
      8 53204
      8 53202
      8 53197
      8 53180
      8 53170
      8 53160
      8 53157
      8 53156
      8 53122
      8 5311