 156304 2
 134691 0
 129368 1
  86250 6
  52978 7
  35797 5
  19341 4
  12557 8
   7485 3
   5132 14
   4311 9
   4270 10
   3565 15
   3090 13
   3005 11
   2838 12
   2836 16
   2390 17
   2359 18
   2277 19
   1831 20
   1424 21
   1145 22
   1128 24
   1036 25
    924 23
    607 26
    598 30
    583 42
    474 44
    474 27
    472 28
    463 29
    447 40
    387 31
    354 32
    339 33
    316 34
    274 35
    272 46
    261 36
    258 38
    221 37
    191 39
    178 43
    176 45
    170 41
    162 47
    159 48
    151 49
    149 51
    144 50
    132 52
    117 56
    116 58
    112 55
    103 57
     98 54
     97 53
     89 60
     86 62
     83 66
     80 63
     80 59
     79 65
     79 64
     77 76
     75 61
     74 81
     73 72
     67 75
     67 68
     67 67
     65 69
     62 77
     59 80
     59 78
     59 74
     59 71
     59 70
     57 79
     52 82
     52 73
     47 89
     46 90
     46 100
     45 84
     41 95
     40 94
     39 88
     39 83
     38 91
     37 99
     37 98
     35 85
     34 92
     34 86
     33 96
     33 93
     33 103
     31 97
     31 105
     31 101
     30 136
     28 87
     28 120
     28 110
     28 106
     28 102
     27 115
     27 113
     27 104
     26 109
     25 125
     25 114
     25 107
     24 126
     24 116
     23 134
     23 128
     22 124
     22 123
     22 118
     21 173
     21 108
     20 168
     20 146
     20 138
     20 133
     20 111
     19 181
     19 150
     19 149
     19 112
     18 162
     18 152
     18 121
     17 151
     17 142
     17 140
     17 139
     17 117
     16 153
     16 131
     16 130
     16 129
     16 127
     16 122
     15 148
     15 144
     14 212
     14 174
     14 159
     14 143
     14 132
     13 182
     13 178
     13 164
     13 156
     13 141
     13 135
     13 119
     12 231
     12 157
     12 137
     11 204
     11 201
     11 184
     11 165
     11 160
     10 224
     10 217
     10 214
     10 205
     10 183
     10 177
     10 172
     10 158
     10 155
     10 147
      9 249
      9 238
      9 203
      9 198
      9 195
      9 189
      9 188
      9 176
      9 175
      9 171
      9 170
      9 167
      9 145
      8 282
      8 270
      8 265
      8 262
      8 254
      8 245
      8 232
      8 228
      8 223
      8 215
      8 211
      8 202
      8 200
      8 187
      8 169
      8 163
      8 161
      8 154
      7 358
      7 344
      7 336
      7 291
      7 289
      7 269
      7 253
      7 248
      7 247
      7 241
      7 227
      7 216
      7 213
      7 208
      7 199
      7 196
      7 194
      7 190
      7 185
      7 180
      6 370
      6 368
      6 320
      6 314
      6 301
      6 296
      6 295
      6 294
      6 283
      6 275
      6 273
      6 246
      6 243
      6 240
      6 237
      6 236
      6 234
      6 222
      6 218
      6 209
      6 207
      6 193
      6 192
      6 166
      5 445
      5 441
      5 400
      5 374
      5 329
      5 324
      5 315
      5 305
      5 304
      5 288
      5 286
      5 281
      5 279
      5 266
      5 264
      5 260
      5 255
      5 252
      5 239
      5 206
      5 191
      5 186
      4 485
      4 455
      4 436
      4 434
      4 423
      4 402
      4 401
      4 391
      4 367
      4 366
      4 365
      4 351
      4 347
      4 345
      4 342
      4 335
      4 330
      4 327
      4 326
      4 322
      4 319
      4 318
      4 310
      4 302
      4 300
      4 299
      4 280
      4 276
      4 267
      4 257
      4 250
      4 242
      4 235
      4 233
      4 230
      4 229
      4 226
      4 221
      4 220
      4 210
      3 690
      3 625
      3 547
      3 489
      3 486
      3 472
      3 461
      3 452
      3 442
      3 440
      3 435
      3 428
      3 418
      3 414
      3 413
      3 404
      3 403
      3 389
      3 388
      3 387
      3 384
      3 381
      3 375
      3 373
      3 363
      3 356
      3 353
      3 352
      3 348
      3 334
      3 333
      3 328
      3 321
      3 317
      3 313
      3 312
      3 311
      3 298
      3 292
      3 287
      3 285
      3 284
      3 277
      3 272
      3 268
      3 251
      3 244
      3 219
      3 197
      3 179
      2 980
      2 979
      2 970
      2 920
      2 910
      2 817
      2 797
      2 783
      2 761
      2 672
      2 671
      2 662
      2 652
      2 644
      2 635
      2 634
      2 633
      2 620
      2 618
      2 617
      2 608
      2 607
      2 604
      2 603
      2 599
      2 596
      2 594
      2 591
      2 575
      2 568
      2 564
      2 563
      2 560
      2 559
      2 557
      2 555
      2 554
      2 549
      2 539
      2 528
      2 522
      2 510
      2 499
      2 497
      2 494
      2 482
      2 470
      2 464
      2 460
      2 457
      2 454
      2 451
      2 450
      2 439
      2 432
      2 431
      2 425
      2 422
      2 416
      2 409
      2 405
      2 399
      2 395
      2 394
      2 393
      2 386
      2 379
      2 378
      2 372
      2 371
      2 369
      2 360
      2 359
      2 357
      2 355
      2 349
      2 346
      2 343
      2 341
      2 340
      2 339
      2 338
      2 337
      2 332
      2 331
      2 325
      2 308
      2 307
      2 306
      2 293
      2 271
      2 263
      2 261
      2 2260
      2 225
      2 1673
      2 1238
      2 1058
      2 1055
      2 1050
      2 1046
      2 1045
      2 1018
      1 998
      1 993
      1 992
      1 991
      1 9877
      1 985
      1 973
      1 967
      1 963
      1 961
      1 960
      1 958
      1 949
      1 939
      1 937
      1 936
      1 935
      1 933
      1 931
      1 9269
      1 9258
      1 925
      1 924
      1 9175
      1 915
      1 911
      1 9049
      1 902
      1 897
      1 886
      1 885
      1 881
      1 878
      1 877
      1 875
      1 874
      1 8733
      1 871
      1 868
      1 867
      1 8659
      1 865
      1 864
      1 858
      1 857
      1 852
      1 850
      1 847
      1 844
      1 839
      1 838
      1 836
      1 8350
      1 829
      1 8234
      1 822
      1 820
      1 819
      1 814
      1 810
      1 8067
      1 805
      1 802
      1 799
      1 798
      1 7880
      1 7879
      1 787
      1 782
      1 779
      1 7771
      1 7748
      1 772
      1 7680
      1 768
      1 767
      1 760
      1 758
      1 752
      1 750
      1 749
      1 743
      1 739
      1 738
      1 732
      1 731
      1 715
      1 714
      1 713
      1 711
      1 708
      1 701
      1 700
      1 699
      1 696
      1 695
      1 693
      1 685
      1 684
      1 681
      1 677
      1 674
      1 670
      1 669
      1 6681
      1 668
      1 665
      1 661
      1 656
      1 653
      1 651
      1 650
      1 646
      1 645
      1 643
      1 642
      1 641
      1 638
      1 637
      1 63267
      1 630
      1 628
      1 622
      1 621
      1 613
      1 602
      1 598
      1 595
      1 592
      1 588
      1 585
      1 581
      1 579
      1 578
      1 577
      1 574
      1 571
      1 570
      1 569
      1 566
      1 5656
      1 561
      1 5524
      1 548
      1 5473
      1 546
      1 536
      1 535
      1 533
      1 532
      1 531
      1 530
      1 5293
      1 529
      1 527
      1 5268
      1 525
      1 523
      1 521
      1 520
      1 519
      1 516
      1 514
      1 513
      1 509
      1 507
      1 5061
      1 505
      1 504
      1 503
      1 501
      1 4993
      1 498
      1 493
      1 488
      1 487
      1 484
      1 483
      1 481
      1 479
      1 477
      1 476
      1 473
      1 471
      1 468
      1 467
      1 466
      1 463
      1 4619
      1 4616
      1 4615
      1 4591
      1 459
      1 4580
      1 458
      1 456
      1 4527
      1 449
      1 448
      1 443
      1 438
      1 433
      1 430
      1 4295
      1 4277
      1 427
      1 426
      1 4186
      1 417
      1 4154
      1 412
      1 411
      1 407
      1 406
      1 4033
      1 4027
      1 3984
      1 397