 260416 2
 103209 1
  51135 7
  44821 6
  42193 3
  36995 8
  30416 5
  27422 4
  26074 9
  10703 10
   5980 16
   4744 11
   4329 13
   4197 14
   3538 15
   3255 12
   2737 20
   2671 18
   2607 17
   2298 22
   2248 21
   1684 19
   1643 23
   1401 24
   1068 25
    970 26
    678 27
    661 28
    632 35
    591 41
    572 29
    535 39
    514 30
    449 31
    414 32
    401 33
    369 36
    338 34
    328 37
    286 49
    247 40
    240 44
    230 38
    208 42
    205 43
    172 45
    167 46
    165 48
    157 50
    149 47
    131 52
    129 54
    128 51
    104 56
     96 57
     94 78
     93 62
     93 55
     90 53
     89 58
     80 59
     78 61
     73 64
     72 65
     69 63
     68 60
     66 67
     66 66
     63 74
     63 68
     62 69
     59 72
     59 71
     58 76
     58 70
     52 80
     51 77
     46 84
     45 81
     45 79
     45 75
     45 73
     43 87
     42 89
     41 96
     41 86
     39 95
     37 88
     37 83
     36 82
     35 94
     33 99
     31 97
     29 112
     29 104
     29 102
     29 101
     28 103
     26 92
     26 85
     25 125
     24 93
     24 120
     24 119
     24 115
     24 111
     23 98
     23 91
     23 110
     22 117
     22 114
     22 108
     22 106
     21 90
     21 139
     21 121
     21 118
     21 109
     21 100
     20 154
     20 105
     19 161
     19 148
     19 141
     19 133
     19 113
     19 107
     18 124
     17 158
     17 135
     17 128
     17 127
     17 122
     16 177
     16 150
     16 136
     16 134
     16 132
     15 174
     15 144
     15 129
     15 116
     14 163
     14 160
     14 147
     14 138
     14 123
     13 193
     13 171
     13 157
     13 155
     13 131
     12 200
     12 188
     12 169
     12 159
     12 153
     12 126
     11 208
     11 181
     11 162
     11 151
     11 146
     11 145
     11 140
     11 130
     10 184
     10 183
     10 182
     10 179
     10 170
     10 165
     10 152
     10 137
      9 265
      9 236
      9 230
      9 176
      9 166
      8 244
      8 207
      8 205
      8 202
      8 199
      8 192
      8 187
      8 175
      8 173
      8 172
      8 168
      8 164
      8 156
      8 143
      8 142
      7 243
      7 232
      7 228
      7 217
      7 206
      7 198
      7 195
      7 191
      6 284
      6 273
      6 267
      6 257
      6 235
      6 219
      6 201
      6 194
      6 190
      6 189
      6 186
      6 149
      5 330
      5 319
      5 292
      5 282
      5 279
      5 271
      5 259
      5 254
      5 247
      5 239
      5 231
      5 225
      5 215
      5 212
      5 210
      5 204
      5 197
      5 180
      5 178
      4 681
      4 464
      4 396
      4 372
      4 365
      4 339
      4 321
      4 314
      4 311
      4 305
      4 298
      4 290
      4 285
      4 276
      4 274
      4 268
      4 266
      4 262
      4 258
      4 251
      4 249
      4 242
      4 238
      4 237
      4 227
      4 221
      4 220
      4 214
      4 213
      4 209
      4 185
      3 442
      3 419
      3 405
      3 389
      3 341
      3 327
      3 326
      3 286
      3 280
      3 278
      3 272
      3 256
      3 253
      3 252
      3 250
      3 229
      3 226
      3 222
      3 218
      3 211
      3 203
      3 196
      3 167
      2 974
      2 734
      2 679
      2 651
      2 630
      2 625
      2 610
      2 605
      2 591
      2 590
      2 580
      2 573
      2 535
      2 529
      2 522
      2 513
      2 508
      2 507
      2 502
      2 497
      2 491
      2 480
      2 469
      2 459
      2 448
      2 447
      2 445
      2 435
      2 426
      2 423
      2 412
      2 406
      2 400
      2 393
      2 390
      2 384
      2 382
      2 378
      2 377
      2 376
      2 370
      2 368
      2 362
      2 360
      2 356
      2 355
      2 354
      2 350
      2 349
      2 348
      2 346
      2 340
      2 336
      2 333
      2 329
      2 328
      2 324
      2 318
      2 316
      2 315
      2 308
      2 306
      2 303
      2 302
      2 299
      2 296
      2 2954
      2 295
      2 2940
      2 291
      2 289
      2 288
      2 287
      2 283
      2 2782
      2 277
      2 248
      2 240
      2 233
      2 223
      2 1894
      1 999
      1 9951
      1 989
      1 983
      1 968
      1 966
      1 956
      1 951
      1 945
      1 944
      1 9437
      1 937
      1 917
      1 913
      1 903
      1 902
      1 896
      1 891
      1 890
      1 883
      1 875
      1 8725
      1 872
      1 871
      1 865
      1 862
      1 855
      1 851
      1 850
      1 848
      1 846
      1 845
      1 8304
      1 822
      1 815
      1 808
      1 786
      1 783
      1 782
      1 775
      1 772
      1 7682
      1 756
      1 755
      1 751
      1 736
      1 732
      1 728
      1 716
      1 715
      1 7141
      1 714
      1 701
      1 697
      1 6969
      1 6930
      1 692
      1 685
      1 684
      1 680
      1 672
      1 671
      1 669
      1 663
      1 662
      1 659
      1 657
      1 656
      1 653
      1 652
      1 648
      1 634
      1 633
      1 632
      1 621
      1 614
      1 613
      1 611
      1 609
      1 608
      1 6077
      1 607
      1 604
      1 603
      1 602
      1 600
      1 595
      1 588
      1 587
      1 586
      1 585
      1 578
      1 577
      1 575
      1 574
      1 570
      1 569
      1 5682
      1 565
      1 564
      1 563
      1 558
      1 557
      1 554
      1 553
      1 549
      1 5480
      1 545
      1 5438
      1 5412
      1 5391
      1 539
      1 534
      1 5332
      1 5331
      1 533
      1 523
      1 520
      1 518
      1 5176
      1 517
      1 516
      1 5159
      1 515
      1 5117
      1 509
      1 505
      1 500
      1 499
      1 496
      1 488
      1 486
      1 485
      1 483
      1 479
      1 477
      1 476
      1 474
      1 47176
      1 465
      1 463
      1 461
      1 458
      1 457
      1 455
      1 4549
      1 453
      1 452
      1 444
      1 443
      1 439
      1 430
      1 429
      1 428
      1 4271
      1 427
      1 425
      1 422
      1 421
      1 420
      1 416
      1 415
      1 410
      1 409
      1 408
      1 407
      1 404
      1 402
      1 398
      1 395
      1 391
      1 388
      1 387
      1 386
      1 385
      1 380
      1 379
      1 3740
      1 373
      1 371
      1 369
      1 3674
      1 366
      1 361
      1 359
      1 3577
      1 352
      1 351
      1 347
      1 345
      1 3436
      1 343
      1 338
      1 3356
      1 335
      1 334
      1 332
      1 3316
      1 331
      1 322
      1 320
      1 317
      1 3141
      1 312
      1 3105
      1 310
      1 309
      1 307
      1 3047
      1 301
      1 300
      1 2986
      1 297
      1 2955
      1 294
      1 293
      1 2805
      1 2802
      1 2801
      1 2797
      1 2794
      1 2792
      1 2791
      1 2765
      1 275
      1 2723
      1 2703
      1 270
      1 269
      1 2685
      1 2672
      1 2670
      1 264
      1 263
      1 260
      1 2571
      1 255
      1 2446
      1 2437
      1 241
      1 234
      1 224
      1 2165
      1 216
      1 2109
      1 203943
      1 202456
      1 200332
      1 199565
      1 198590
      1 198223
      1 1970
      1 1897
      1 18940
      1 1875
      1 18649
      1 18605
      1 18494
      1 1833
      1 180892
      1 17739
      1 17487
      1 1703
      1 1686
      1 166861
      1 1657
      1 161754
      1 1598
      1 159079
      1 1561
      1 1476
      1 14683
      1 1465
      1 1455
      1 1440
      1 1432
      1 1405
      1 1402
      1 1371
      1 1329
      1 1323
      1 1313
      1 1286
      1 1270
      1 1256
      1 1240
      1 1235
      1 1227
      1 1221
      1 121885
      1 1213
      1 1210
      1 1203
      1 1200
      1 1198
      1 1180
      1 1160
      1 1158
      1 1144
      1 1142
      1 1137
      1 112141
      1 1107
      1 1105
      1 1100
      1 1092
      1 1087
      1 1071
      1 1066
      1 1059
      1 1050